Zr O Y # Atom species 
1 1 1 1 1 1
charge		2.116022	-1.055614	1.511511
buck_a	0.000000	7299.500090	0.000000	8175.015875	6968.552535	0.000000	
buck_sigma	0.100000	0.229143	0.100000	0.287366	0.231834	0.100000	
buck_c	0.000000	87383.667070	0.000000	850244.099290	4700.697948	0.000000	

ew_rcut		8.000000
ew_kappa		0.100000
r_cut		8.000000	8.000000	8.000000	8.000000	8.000000	8.000000	

dp_alpha	0.000000	0.010019	0.000000	
dp_b		0.000000	13.439888	0.000000	59.408009	68.516735	0.000000	
dp_c		-0.000000	-0.170177	-0.000000	-28.550774	-0.000000	-0.000000	
