 Al
 EAM Mishin
 500
 4.040000e+00
 5.000000000000000e+00 0.000000000000000e+00 0.000000000000000e+00
 0.000000000000000e+00 5.000000000000000e+00 0.000000000000000e+00
 0.000000000000000e+00 0.000000000000000e+00 5.000000000000000e+00
 fra
 0.000000000000000e+00 0.000000000000000e+00 0.000000000000000e+00 Al
 0.000000000000000e+00 9.999999999999999e-02 9.999999999999999e-02 Al
 9.999999999999999e-02 0.000000000000000e+00 9.999999999999999e-02 Al
 9.999999999999999e-02 9.999999999999999e-02 0.000000000000000e+00 Al
 2.000000000000000e-01 0.000000000000000e+00 0.000000000000000e+00 Al
 2.000000000000000e-01 9.999999999999999e-02 9.999999999999999e-02 Al
 2.999999999999999e-01 0.000000000000000e+00 9.999999999999999e-02 Al
 2.999999999999999e-01 9.999999999999999e-02 0.000000000000000e+00 Al
 4.000000000000000e-01 0.000000000000000e+00 0.000000000000000e+00 Al
 4.000000000000000e-01 9.999999999999999e-02 9.999999999999999e-02 Al
 4.999999999999999e-01 0.000000000000000e+00 9.999999999999999e-02 Al
 4.999999999999999e-01 9.999999999999999e-02 0.000000000000000e+00 Al
 5.999999999999999e-01 0.000000000000000e+00 0.000000000000000e+00 Al
 5.999999999999999e-01 9.999999999999999e-02 9.999999999999999e-02 Al
 7.000000000000000e-01 0.000000000000000e+00 9.999999999999999e-02 Al
 7.000000000000000e-01 9.999999999999999e-02 0.000000000000000e+00 Al
 7.999999999999999e-01 0.000000000000000e+00 0.000000000000000e+00 Al
 7.999999999999999e-01 9.999999999999999e-02 9.999999999999999e-02 Al
 8.999999999999999e-01 0.000000000000000e+00 9.999999999999999e-02 Al
 8.999999999999999e-01 9.999999999999999e-02 0.000000000000000e+00 Al
 0.000000000000000e+00 2.000000000000000e-01 0.000000000000000e+00 Al
 0.000000000000000e+00 2.999999999999999e-01 9.999999999999999e-02 Al
 9.999999999999999e-02 2.000000000000000e-01 9.999999999999999e-02 Al
 9.999999999999999e-02 2.999999999999999e-01 0.000000000000000e+00 Al
 2.000000000000000e-01 2.000000000000000e-01 0.000000000000000e+00 Al
 2.000000000000000e-01 2.999999999999999e-01 9.999999999999999e-02 Al
 2.999999999999999e-01 2.000000000000000e-01 9.999999999999999e-02 Al
 2.999999999999999e-01 2.999999999999999e-01 0.000000000000000e+00 Al
 4.000000000000000e-01 2.000000000000000e-01 0.000000000000000e+00 Al
 4.000000000000000e-01 2.999999999999999e-01 9.999999999999999e-02 Al
 4.999999999999999e-01 2.000000000000000e-01 9.999999999999999e-02 Al
 4.999999999999999e-01 2.999999999999999e-01 0.000000000000000e+00 Al
 5.999999999999999e-01 2.000000000000000e-01 0.000000000000000e+00 Al
 5.999999999999999e-01 2.999999999999999e-01 9.999999999999999e-02 Al
 7.000000000000000e-01 2.000000000000000e-01 9.999999999999999e-02 Al
 7.000000000000000e-01 2.999999999999999e-01 0.000000000000000e+00 Al
 7.999999999999999e-01 2.000000000000000e-01 0.000000000000000e+00 Al
 7.999999999999999e-01 2.999999999999999e-01 9.999999999999999e-02 Al
 8.999999999999999e-01 2.000000000000000e-01 9.999999999999999e-02 Al
 8.999999999999999e-01 2.999999999999999e-01 0.000000000000000e+00 Al
 0.000000000000000e+00 4.000000000000000e-01 0.000000000000000e+00 Al
 0.000000000000000e+00 4.999999999999999e-01 9.999999999999999e-02 Al
 9.999999999999999e-02 4.000000000000000e-01 9.999999999999999e-02 Al
 9.999999999999999e-02 4.999999999999999e-01 0.000000000000000e+00 Al
 2.000000000000000e-01 4.000000000000000e-01 0.000000000000000e+00 Al
 2.000000000000000e-01 4.999999999999999e-01 9.999999999999999e-02 Al
 2.999999999999999e-01 4.000000000000000e-01 9.999999999999999e-02 Al
 2.999999999999999e-01 4.999999999999999e-01 0.000000000000000e+00 Al
 4.000000000000000e-01 4.000000000000000e-01 0.000000000000000e+00 Al
 4.000000000000000e-01 4.999999999999999e-01 9.999999999999999e-02 Al
 4.999999999999999e-01 4.000000000000000e-01 9.999999999999999e-02 Al
 4.999999999999999e-01 4.999999999999999e-01 0.000000000000000e+00 Al
 5.999999999999999e-01 4.000000000000000e-01 0.000000000000000e+00 Al
 5.999999999999999e-01 4.999999999999999e-01 9.999999999999999e-02 Al
 7.000000000000000e-01 4.000000000000000e-01 9.999999999999999e-02 Al
 7.000000000000000e-01 4.999999999999999e-01 0.000000000000000e+00 Al
 7.999999999999999e-01 4.000000000000000e-01 0.000000000000000e+00 Al
 7.999999999999999e-01 4.999999999999999e-01 9.999999999999999e-02 Al
 8.999999999999999e-01 4.000000000000000e-01 9.999999999999999e-02 Al
 8.999999999999999e-01 4.999999999999999e-01 0.000000000000000e+00 Al
 0.000000000000000e+00 5.999999999999999e-01 0.000000000000000e+00 Al
 0.000000000000000e+00 7.000000000000000e-01 9.999999999999999e-02 Al
 9.999999999999999e-02 5.999999999999999e-01 9.999999999999999e-02 Al
 9.999999999999999e-02 7.000000000000000e-01 0.000000000000000e+00 Al
 2.000000000000000e-01 5.999999999999999e-01 0.000000000000000e+00 Al
 2.000000000000000e-01 7.000000000000000e-01 9.999999999999999e-02 Al
 2.999999999999999e-01 5.999999999999999e-01 9.999999999999999e-02 Al
 2.999999999999999e-01 7.000000000000000e-01 0.000000000000000e+00 Al
 4.000000000000000e-01 5.999999999999999e-01 0.000000000000000e+00 Al
 4.000000000000000e-01 7.000000000000000e-01 9.999999999999999e-02 Al
 4.999999999999999e-01 5.999999999999999e-01 9.999999999999999e-02 Al
 4.999999999999999e-01 7.000000000000000e-01 0.000000000000000e+00 Al
 5.999999999999999e-01 5.999999999999999e-01 0.000000000000000e+00 Al
 5.999999999999999e-01 7.000000000000000e-01 9.999999999999999e-02 Al
 7.000000000000000e-01 5.999999999999999e-01 9.999999999999999e-02 Al
 7.000000000000000e-01 7.000000000000000e-01 0.000000000000000e+00 Al
 7.999999999999999e-01 5.999999999999999e-01 0.000000000000000e+00 Al
 7.999999999999999e-01 7.000000000000000e-01 9.999999999999999e-02 Al
 8.999999999999999e-01 5.999999999999999e-01 9.999999999999999e-02 Al
 8.999999999999999e-01 7.000000000000000e-01 0.000000000000000e+00 Al
 0.000000000000000e+00 7.999999999999999e-01 0.000000000000000e+00 Al
 0.000000000000000e+00 8.999999999999999e-01 9.999999999999999e-02 Al
 9.999999999999999e-02 7.999999999999999e-01 9.999999999999999e-02 Al
 9.999999999999999e-02 8.999999999999999e-01 0.000000000000000e+00 Al
 2.000000000000000e-01 7.999999999999999e-01 0.000000000000000e+00 Al
 2.000000000000000e-01 8.999999999999999e-01 9.999999999999999e-02 Al
 2.999999999999999e-01 7.999999999999999e-01 9.999999999999999e-02 Al
 2.999999999999999e-01 8.999999999999999e-01 0.000000000000000e+00 Al
 4.000000000000000e-01 7.999999999999999e-01 0.000000000000000e+00 Al
 4.000000000000000e-01 8.999999999999999e-01 9.999999999999999e-02 Al
 4.999999999999999e-01 7.999999999999999e-01 9.999999999999999e-02 Al
 4.999999999999999e-01 8.999999999999999e-01 0.000000000000000e+00 Al
 5.999999999999999e-01 7.999999999999999e-01 0.000000000000000e+00 Al
 5.999999999999999e-01 8.999999999999999e-01 9.999999999999999e-02 Al
 7.000000000000000e-01 7.999999999999999e-01 9.999999999999999e-02 Al
 7.000000000000000e-01 8.999999999999999e-01 0.000000000000000e+00 Al
 7.999999999999999e-01 7.999999999999999e-01 0.000000000000000e+00 Al
 7.999999999999999e-01 8.999999999999999e-01 9.999999999999999e-02 Al
 8.999999999999999e-01 7.999999999999999e-01 9.999999999999999e-02 Al
 8.999999999999999e-01 8.999999999999999e-01 0.000000000000000e+00 Al
 0.000000000000000e+00 0.000000000000000e+00 2.000000000000000e-01 Al
 0.000000000000000e+00 9.999999999999999e-02 2.999999999999999e-01 Al
 9.999999999999999e-02 0.000000000000000e+00 2.999999999999999e-01 Al
 9.999999999999999e-02 9.999999999999999e-02 2.000000000000000e-01 Al
 2.000000000000000e-01 0.000000000000000e+00 2.000000000000000e-01 Al
 2.000000000000000e-01 9.999999999999999e-02 2.999999999999999e-01 Al
 2.999999999999999e-01 0.000000000000000e+00 2.999999999999999e-01 Al
 2.999999999999999e-01 9.999999999999999e-02 2.000000000000000e-01 Al
 4.000000000000000e-01 0.000000000000000e+00 2.000000000000000e-01 Al
 4.000000000000000e-01 9.999999999999999e-02 2.999999999999999e-01 Al
 4.999999999999999e-01 0.000000000000000e+00 2.999999999999999e-01 Al
 4.999999999999999e-01 9.999999999999999e-02 2.000000000000000e-01 Al
 5.999999999999999e-01 0.000000000000000e+00 2.000000000000000e-01 Al
 5.999999999999999e-01 9.999999999999999e-02 2.999999999999999e-01 Al
 7.000000000000000e-01 0.000000000000000e+00 2.999999999999999e-01 Al
 7.000000000000000e-01 9.999999999999999e-02 2.000000000000000e-01 Al
 7.999999999999999e-01 0.000000000000000e+00 2.000000000000000e-01 Al
 7.999999999999999e-01 9.999999999999999e-02 2.999999999999999e-01 Al
 8.999999999999999e-01 0.000000000000000e+00 2.999999999999999e-01 Al
 8.999999999999999e-01 9.999999999999999e-02 2.000000000000000e-01 Al
 0.000000000000000e+00 2.000000000000000e-01 2.000000000000000e-01 Al
 0.000000000000000e+00 2.999999999999999e-01 2.999999999999999e-01 Al
 9.999999999999999e-02 2.000000000000000e-01 2.999999999999999e-01 Al
 9.999999999999999e-02 2.999999999999999e-01 2.000000000000000e-01 Al
 2.000000000000000e-01 2.000000000000000e-01 2.000000000000000e-01 Al
 2.000000000000000e-01 2.999999999999999e-01 2.999999999999999e-01 Al
 2.999999999999999e-01 2.000000000000000e-01 2.999999999999999e-01 Al
 2.999999999999999e-01 2.999999999999999e-01 2.000000000000000e-01 Al
 4.000000000000000e-01 2.000000000000000e-01 2.000000000000000e-01 Al
 4.000000000000000e-01 2.999999999999999e-01 2.999999999999999e-01 Al
 4.999999999999999e-01 2.000000000000000e-01 2.999999999999999e-01 Al
 4.999999999999999e-01 2.999999999999999e-01 2.000000000000000e-01 Al
 5.999999999999999e-01 2.000000000000000e-01 2.000000000000000e-01 Al
 5.999999999999999e-01 2.999999999999999e-01 2.999999999999999e-01 Al
 7.000000000000000e-01 2.000000000000000e-01 2.999999999999999e-01 Al
 7.000000000000000e-01 2.999999999999999e-01 2.000000000000000e-01 Al
 7.999999999999999e-01 2.000000000000000e-01 2.000000000000000e-01 Al
 7.999999999999999e-01 2.999999999999999e-01 2.999999999999999e-01 Al
 8.999999999999999e-01 2.000000000000000e-01 2.999999999999999e-01 Al
 8.999999999999999e-01 2.999999999999999e-01 2.000000000000000e-01 Al
 0.000000000000000e+00 4.000000000000000e-01 2.000000000000000e-01 Al
 0.000000000000000e+00 4.999999999999999e-01 2.999999999999999e-01 Al
 9.999999999999999e-02 4.000000000000000e-01 2.999999999999999e-01 Al
 9.999999999999999e-02 4.999999999999999e-01 2.000000000000000e-01 Al
 2.000000000000000e-01 4.000000000000000e-01 2.000000000000000e-01 Al
 2.000000000000000e-01 4.999999999999999e-01 2.999999999999999e-01 Al
 2.999999999999999e-01 4.000000000000000e-01 2.999999999999999e-01 Al
 2.999999999999999e-01 4.999999999999999e-01 2.000000000000000e-01 Al
 4.000000000000000e-01 4.000000000000000e-01 2.000000000000000e-01 Al
 4.000000000000000e-01 4.999999999999999e-01 2.999999999999999e-01 Al
 4.999999999999999e-01 4.000000000000000e-01 2.999999999999999e-01 Al
 4.999999999999999e-01 4.999999999999999e-01 2.000000000000000e-01 Al
 5.999999999999999e-01 4.000000000000000e-01 2.000000000000000e-01 Al
 5.999999999999999e-01 4.999999999999999e-01 2.999999999999999e-01 Al
 7.000000000000000e-01 4.000000000000000e-01 2.999999999999999e-01 Al
 7.000000000000000e-01 4.999999999999999e-01 2.000000000000000e-01 Al
 7.999999999999999e-01 4.000000000000000e-01 2.000000000000000e-01 Al
 7.999999999999999e-01 4.999999999999999e-01 2.999999999999999e-01 Al
 8.999999999999999e-01 4.000000000000000e-01 2.999999999999999e-01 Al
 8.999999999999999e-01 4.999999999999999e-01 2.000000000000000e-01 Al
 0.000000000000000e+00 5.999999999999999e-01 2.000000000000000e-01 Al
 0.000000000000000e+00 7.000000000000000e-01 2.999999999999999e-01 Al
 9.999999999999999e-02 5.999999999999999e-01 2.999999999999999e-01 Al
 9.999999999999999e-02 7.000000000000000e-01 2.000000000000000e-01 Al
 2.000000000000000e-01 5.999999999999999e-01 2.000000000000000e-01 Al
 2.000000000000000e-01 7.000000000000000e-01 2.999999999999999e-01 Al
 2.999999999999999e-01 5.999999999999999e-01 2.999999999999999e-01 Al
 2.999999999999999e-01 7.000000000000000e-01 2.000000000000000e-01 Al
 4.000000000000000e-01 5.999999999999999e-01 2.000000000000000e-01 Al
 4.000000000000000e-01 7.000000000000000e-01 2.999999999999999e-01 Al
 4.999999999999999e-01 5.999999999999999e-01 2.999999999999999e-01 Al
 4.999999999999999e-01 7.000000000000000e-01 2.000000000000000e-01 Al
 5.999999999999999e-01 5.999999999999999e-01 2.000000000000000e-01 Al
 5.999999999999999e-01 7.000000000000000e-01 2.999999999999999e-01 Al
 7.000000000000000e-01 5.999999999999999e-01 2.999999999999999e-01 Al
 7.000000000000000e-01 7.000000000000000e-01 2.000000000000000e-01 Al
 7.999999999999999e-01 5.999999999999999e-01 2.000000000000000e-01 Al
 7.999999999999999e-01 7.000000000000000e-01 2.999999999999999e-01 Al
 8.999999999999999e-01 5.999999999999999e-01 2.999999999999999e-01 Al
 8.999999999999999e-01 7.000000000000000e-01 2.000000000000000e-01 Al
 0.000000000000000e+00 7.999999999999999e-01 2.000000000000000e-01 Al
 0.000000000000000e+00 8.999999999999999e-01 2.999999999999999e-01 Al
 9.999999999999999e-02 7.999999999999999e-01 2.999999999999999e-01 Al
 9.999999999999999e-02 8.999999999999999e-01 2.000000000000000e-01 Al
 2.000000000000000e-01 7.999999999999999e-01 2.000000000000000e-01 Al
 2.000000000000000e-01 8.999999999999999e-01 2.999999999999999e-01 Al
 2.999999999999999e-01 7.999999999999999e-01 2.999999999999999e-01 Al
 2.999999999999999e-01 8.999999999999999e-01 2.000000000000000e-01 Al
 4.000000000000000e-01 7.999999999999999e-01 2.000000000000000e-01 Al
 4.000000000000000e-01 8.999999999999999e-01 2.999999999999999e-01 Al
 4.999999999999999e-01 7.999999999999999e-01 2.999999999999999e-01 Al
 4.999999999999999e-01 8.999999999999999e-01 2.000000000000000e-01 Al
 5.999999999999999e-01 7.999999999999999e-01 2.000000000000000e-01 Al
 5.999999999999999e-01 8.999999999999999e-01 2.999999999999999e-01 Al
 7.000000000000000e-01 7.999999999999999e-01 2.999999999999999e-01 Al
 7.000000000000000e-01 8.999999999999999e-01 2.000000000000000e-01 Al
 7.999999999999999e-01 7.999999999999999e-01 2.000000000000000e-01 Al
 7.999999999999999e-01 8.999999999999999e-01 2.999999999999999e-01 Al
 8.999999999999999e-01 7.999999999999999e-01 2.999999999999999e-01 Al
 8.999999999999999e-01 8.999999999999999e-01 2.000000000000000e-01 Al
 0.000000000000000e+00 0.000000000000000e+00 4.000000000000000e-01 Al
 0.000000000000000e+00 9.999999999999999e-02 4.999999999999999e-01 Al
 9.999999999999999e-02 0.000000000000000e+00 4.999999999999999e-01 Al
 9.999999999999999e-02 9.999999999999999e-02 4.000000000000000e-01 Al
 2.000000000000000e-01 0.000000000000000e+00 4.000000000000000e-01 Al
 2.000000000000000e-01 9.999999999999999e-02 4.999999999999999e-01 Al
 2.999999999999999e-01 0.000000000000000e+00 4.999999999999999e-01 Al
 2.999999999999999e-01 9.999999999999999e-02 4.000000000000000e-01 Al
 4.000000000000000e-01 0.000000000000000e+00 4.000000000000000e-01 Al
 4.000000000000000e-01 9.999999999999999e-02 4.999999999999999e-01 Al
 4.999999999999999e-01 0.000000000000000e+00 4.999999999999999e-01 Al
 4.999999999999999e-01 9.999999999999999e-02 4.000000000000000e-01 Al
 5.999999999999999e-01 0.000000000000000e+00 4.000000000000000e-01 Al
 5.999999999999999e-01 9.999999999999999e-02 4.999999999999999e-01 Al
 7.000000000000000e-01 0.000000000000000e+00 4.999999999999999e-01 Al
 7.000000000000000e-01 9.999999999999999e-02 4.000000000000000e-01 Al
 7.999999999999999e-01 0.000000000000000e+00 4.000000000000000e-01 Al
 7.999999999999999e-01 9.999999999999999e-02 4.999999999999999e-01 Al
 8.999999999999999e-01 0.000000000000000e+00 4.999999999999999e-01 Al
 8.999999999999999e-01 9.999999999999999e-02 4.000000000000000e-01 Al
 0.000000000000000e+00 2.000000000000000e-01 4.000000000000000e-01 Al
 0.000000000000000e+00 2.999999999999999e-01 4.999999999999999e-01 Al
 9.999999999999999e-02 2.000000000000000e-01 4.999999999999999e-01 Al
 9.999999999999999e-02 2.999999999999999e-01 4.000000000000000e-01 Al
 2.000000000000000e-01 2.000000000000000e-01 4.000000000000000e-01 Al
 2.000000000000000e-01 2.999999999999999e-01 4.999999999999999e-01 Al
 2.999999999999999e-01 2.000000000000000e-01 4.999999999999999e-01 Al
 2.999999999999999e-01 2.999999999999999e-01 4.000000000000000e-01 Al
 4.000000000000000e-01 2.000000000000000e-01 4.000000000000000e-01 Al
 4.000000000000000e-01 2.999999999999999e-01 4.999999999999999e-01 Al
 4.999999999999999e-01 2.000000000000000e-01 4.999999999999999e-01 Al
 4.999999999999999e-01 2.999999999999999e-01 4.000000000000000e-01 Al
 5.999999999999999e-01 2.000000000000000e-01 4.000000000000000e-01 Al
 5.999999999999999e-01 2.999999999999999e-01 4.999999999999999e-01 Al
 7.000000000000000e-01 2.000000000000000e-01 4.999999999999999e-01 Al
 7.000000000000000e-01 2.999999999999999e-01 4.000000000000000e-01 Al
 7.999999999999999e-01 2.000000000000000e-01 4.000000000000000e-01 Al
 7.999999999999999e-01 2.999999999999999e-01 4.999999999999999e-01 Al
 8.999999999999999e-01 2.000000000000000e-01 4.999999999999999e-01 Al
 8.999999999999999e-01 2.999999999999999e-01 4.000000000000000e-01 Al
 0.000000000000000e+00 4.000000000000000e-01 4.000000000000000e-01 Al
 0.000000000000000e+00 4.999999999999999e-01 4.999999999999999e-01 Al
 9.999999999999999e-02 4.000000000000000e-01 4.999999999999999e-01 Al
 9.999999999999999e-02 4.999999999999999e-01 4.000000000000000e-01 Al
 2.000000000000000e-01 4.000000000000000e-01 4.000000000000000e-01 Al
 2.000000000000000e-01 4.999999999999999e-01 4.999999999999999e-01 Al
 2.999999999999999e-01 4.000000000000000e-01 4.999999999999999e-01 Al
 2.999999999999999e-01 4.999999999999999e-01 4.000000000000000e-01 Al
 4.000000000000000e-01 4.000000000000000e-01 4.000000000000000e-01 Al
 4.000000000000000e-01 4.999999999999999e-01 4.999999999999999e-01 Al
 4.999999999999999e-01 4.000000000000000e-01 4.999999999999999e-01 Al
 4.999999999999999e-01 4.999999999999999e-01 4.000000000000000e-01 Al
 5.999999999999999e-01 4.000000000000000e-01 4.000000000000000e-01 Al
 5.999999999999999e-01 4.999999999999999e-01 4.999999999999999e-01 Al
 7.000000000000000e-01 4.000000000000000e-01 4.999999999999999e-01 Al
 7.000000000000000e-01 4.999999999999999e-01 4.000000000000000e-01 Al
 7.999999999999999e-01 4.000000000000000e-01 4.000000000000000e-01 Al
 7.999999999999999e-01 4.999999999999999e-01 4.999999999999999e-01 Al
 8.999999999999999e-01 4.000000000000000e-01 4.999999999999999e-01 Al
 8.999999999999999e-01 4.999999999999999e-01 4.000000000000000e-01 Al
 0.000000000000000e+00 5.999999999999999e-01 4.000000000000000e-01 Al
 0.000000000000000e+00 7.000000000000000e-01 4.999999999999999e-01 Al
 9.999999999999999e-02 5.999999999999999e-01 4.999999999999999e-01 Al
 9.999999999999999e-02 7.000000000000000e-01 4.000000000000000e-01 Al
 2.000000000000000e-01 5.999999999999999e-01 4.000000000000000e-01 Al
 2.000000000000000e-01 7.000000000000000e-01 4.999999999999999e-01 Al
 2.999999999999999e-01 5.999999999999999e-01 4.999999999999999e-01 Al
 2.999999999999999e-01 7.000000000000000e-01 4.000000000000000e-01 Al
 4.000000000000000e-01 5.999999999999999e-01 4.000000000000000e-01 Al
 4.000000000000000e-01 7.000000000000000e-01 4.999999999999999e-01 Al
 4.999999999999999e-01 5.999999999999999e-01 4.999999999999999e-01 Al
 4.999999999999999e-01 7.000000000000000e-01 4.000000000000000e-01 Al
 5.999999999999999e-01 5.999999999999999e-01 4.000000000000000e-01 Al
 5.999999999999999e-01 7.000000000000000e-01 4.999999999999999e-01 Al
 7.000000000000000e-01 5.999999999999999e-01 4.999999999999999e-01 Al
 7.000000000000000e-01 7.000000000000000e-01 4.000000000000000e-01 Al
 7.999999999999999e-01 5.999999999999999e-01 4.000000000000000e-01 Al
 7.999999999999999e-01 7.000000000000000e-01 4.999999999999999e-01 Al
 8.999999999999999e-01 5.999999999999999e-01 4.999999999999999e-01 Al
 8.999999999999999e-01 7.000000000000000e-01 4.000000000000000e-01 Al
 0.000000000000000e+00 7.999999999999999e-01 4.000000000000000e-01 Al
 0.000000000000000e+00 8.999999999999999e-01 4.999999999999999e-01 Al
 9.999999999999999e-02 7.999999999999999e-01 4.999999999999999e-01 Al
 9.999999999999999e-02 8.999999999999999e-01 4.000000000000000e-01 Al
 2.000000000000000e-01 7.999999999999999e-01 4.000000000000000e-01 Al
 2.000000000000000e-01 8.999999999999999e-01 4.999999999999999e-01 Al
 2.999999999999999e-01 7.999999999999999e-01 4.999999999999999e-01 Al
 2.999999999999999e-01 8.999999999999999e-01 4.000000000000000e-01 Al
 4.000000000000000e-01 7.999999999999999e-01 4.000000000000000e-01 Al
 4.000000000000000e-01 8.999999999999999e-01 4.999999999999999e-01 Al
 4.999999999999999e-01 7.999999999999999e-01 4.999999999999999e-01 Al
 4.999999999999999e-01 8.999999999999999e-01 4.000000000000000e-01 Al
 5.999999999999999e-01 7.999999999999999e-01 4.000000000000000e-01 Al
 5.999999999999999e-01 8.999999999999999e-01 4.999999999999999e-01 Al
 7.000000000000000e-01 7.999999999999999e-01 4.999999999999999e-01 Al
 7.000000000000000e-01 8.999999999999999e-01 4.000000000000000e-01 Al
 7.999999999999999e-01 7.999999999999999e-01 4.000000000000000e-01 Al
 7.999999999999999e-01 8.999999999999999e-01 4.999999999999999e-01 Al
 8.999999999999999e-01 7.999999999999999e-01 4.999999999999999e-01 Al
 8.999999999999999e-01 8.999999999999999e-01 4.000000000000000e-01 Al
 0.000000000000000e+00 0.000000000000000e+00 5.999999999999999e-01 Al
 0.000000000000000e+00 9.999999999999999e-02 7.000000000000000e-01 Al
 9.999999999999999e-02 0.000000000000000e+00 7.000000000000000e-01 Al
 9.999999999999999e-02 9.999999999999999e-02 5.999999999999999e-01 Al
 2.000000000000000e-01 0.000000000000000e+00 5.999999999999999e-01 Al
 2.000000000000000e-01 9.999999999999999e-02 7.000000000000000e-01 Al
 2.999999999999999e-01 0.000000000000000e+00 7.000000000000000e-01 Al
 2.999999999999999e-01 9.999999999999999e-02 5.999999999999999e-01 Al
 4.000000000000000e-01 0.000000000000000e+00 5.999999999999999e-01 Al
 4.000000000000000e-01 9.999999999999999e-02 7.000000000000000e-01 Al
 4.999999999999999e-01 0.000000000000000e+00 7.000000000000000e-01 Al
 4.999999999999999e-01 9.999999999999999e-02 5.999999999999999e-01 Al
 5.999999999999999e-01 0.000000000000000e+00 5.999999999999999e-01 Al
 5.999999999999999e-01 9.999999999999999e-02 7.000000000000000e-01 Al
 7.000000000000000e-01 0.000000000000000e+00 7.000000000000000e-01 Al
 7.000000000000000e-01 9.999999999999999e-02 5.999999999999999e-01 Al
 7.999999999999999e-01 0.000000000000000e+00 5.999999999999999e-01 Al
 7.999999999999999e-01 9.999999999999999e-02 7.000000000000000e-01 Al
 8.999999999999999e-01 0.000000000000000e+00 7.000000000000000e-01 Al
 8.999999999999999e-01 9.999999999999999e-02 5.999999999999999e-01 Al
 0.000000000000000e+00 2.000000000000000e-01 5.999999999999999e-01 Al
 0.000000000000000e+00 2.999999999999999e-01 7.000000000000000e-01 Al
 9.999999999999999e-02 2.000000000000000e-01 7.000000000000000e-01 Al
 9.999999999999999e-02 2.999999999999999e-01 5.999999999999999e-01 Al
 2.000000000000000e-01 2.000000000000000e-01 5.999999999999999e-01 Al
 2.000000000000000e-01 2.999999999999999e-01 7.000000000000000e-01 Al
 2.999999999999999e-01 2.000000000000000e-01 7.000000000000000e-01 Al
 2.999999999999999e-01 2.999999999999999e-01 5.999999999999999e-01 Al
 4.000000000000000e-01 2.000000000000000e-01 5.999999999999999e-01 Al
 4.000000000000000e-01 2.999999999999999e-01 7.000000000000000e-01 Al
 4.999999999999999e-01 2.000000000000000e-01 7.000000000000000e-01 Al
 4.999999999999999e-01 2.999999999999999e-01 5.999999999999999e-01 Al
 5.999999999999999e-01 2.000000000000000e-01 5.999999999999999e-01 Al
 5.999999999999999e-01 2.999999999999999e-01 7.000000000000000e-01 Al
 7.000000000000000e-01 2.000000000000000e-01 7.000000000000000e-01 Al
 7.000000000000000e-01 2.999999999999999e-01 5.999999999999999e-01 Al
 7.999999999999999e-01 2.000000000000000e-01 5.999999999999999e-01 Al
 7.999999999999999e-01 2.999999999999999e-01 7.000000000000000e-01 Al
 8.999999999999999e-01 2.000000000000000e-01 7.000000000000000e-01 Al
 8.999999999999999e-01 2.999999999999999e-01 5.999999999999999e-01 Al
 0.000000000000000e+00 4.000000000000000e-01 5.999999999999999e-01 Al
 0.000000000000000e+00 4.999999999999999e-01 7.000000000000000e-01 Al
 9.999999999999999e-02 4.000000000000000e-01 7.000000000000000e-01 Al
 9.999999999999999e-02 4.999999999999999e-01 5.999999999999999e-01 Al
 2.000000000000000e-01 4.000000000000000e-01 5.999999999999999e-01 Al
 2.000000000000000e-01 4.999999999999999e-01 7.000000000000000e-01 Al
 2.999999999999999e-01 4.000000000000000e-01 7.000000000000000e-01 Al
 2.999999999999999e-01 4.999999999999999e-01 5.999999999999999e-01 Al
 4.000000000000000e-01 4.000000000000000e-01 5.999999999999999e-01 Al
 4.000000000000000e-01 4.999999999999999e-01 7.000000000000000e-01 Al
 4.999999999999999e-01 4.000000000000000e-01 7.000000000000000e-01 Al
 4.999999999999999e-01 4.999999999999999e-01 5.999999999999999e-01 Al
 5.999999999999999e-01 4.000000000000000e-01 5.999999999999999e-01 Al
 5.999999999999999e-01 4.999999999999999e-01 7.000000000000000e-01 Al
 7.000000000000000e-01 4.000000000000000e-01 7.000000000000000e-01 Al
 7.000000000000000e-01 4.999999999999999e-01 5.999999999999999e-01 Al
 7.999999999999999e-01 4.000000000000000e-01 5.999999999999999e-01 Al
 7.999999999999999e-01 4.999999999999999e-01 7.000000000000000e-01 Al
 8.999999999999999e-01 4.000000000000000e-01 7.000000000000000e-01 Al
 8.999999999999999e-01 4.999999999999999e-01 5.999999999999999e-01 Al
 0.000000000000000e+00 5.999999999999999e-01 5.999999999999999e-01 Al
 0.000000000000000e+00 7.000000000000000e-01 7.000000000000000e-01 Al
 9.999999999999999e-02 5.999999999999999e-01 7.000000000000000e-01 Al
 9.999999999999999e-02 7.000000000000000e-01 5.999999999999999e-01 Al
 2.000000000000000e-01 5.999999999999999e-01 5.999999999999999e-01 Al
 2.000000000000000e-01 7.000000000000000e-01 7.000000000000000e-01 Al
 2.999999999999999e-01 5.999999999999999e-01 7.000000000000000e-01 Al
 2.999999999999999e-01 7.000000000000000e-01 5.999999999999999e-01 Al
 4.000000000000000e-01 5.999999999999999e-01 5.999999999999999e-01 Al
 4.000000000000000e-01 7.000000000000000e-01 7.000000000000000e-01 Al
 4.999999999999999e-01 5.999999999999999e-01 7.000000000000000e-01 Al
 4.999999999999999e-01 7.000000000000000e-01 5.999999999999999e-01 Al
 5.999999999999999e-01 5.999999999999999e-01 5.999999999999999e-01 Al
 5.999999999999999e-01 7.000000000000000e-01 7.000000000000000e-01 Al
 7.000000000000000e-01 5.999999999999999e-01 7.000000000000000e-01 Al
 7.000000000000000e-01 7.000000000000000e-01 5.999999999999999e-01 Al
 7.999999999999999e-01 5.999999999999999e-01 5.999999999999999e-01 Al
 7.999999999999999e-01 7.000000000000000e-01 7.000000000000000e-01 Al
 8.999999999999999e-01 5.999999999999999e-01 7.000000000000000e-01 Al
 8.999999999999999e-01 7.000000000000000e-01 5.999999999999999e-01 Al
 0.000000000000000e+00 7.999999999999999e-01 5.999999999999999e-01 Al
 0.000000000000000e+00 8.999999999999999e-01 7.000000000000000e-01 Al
 9.999999999999999e-02 7.999999999999999e-01 7.000000000000000e-01 Al
 9.999999999999999e-02 8.999999999999999e-01 5.999999999999999e-01 Al
 2.000000000000000e-01 7.999999999999999e-01 5.999999999999999e-01 Al
 2.000000000000000e-01 8.999999999999999e-01 7.000000000000000e-01 Al
 2.999999999999999e-01 7.999999999999999e-01 7.000000000000000e-01 Al
 2.999999999999999e-01 8.999999999999999e-01 5.999999999999999e-01 Al
 4.000000000000000e-01 7.999999999999999e-01 5.999999999999999e-01 Al
 4.000000000000000e-01 8.999999999999999e-01 7.000000000000000e-01 Al
 4.999999999999999e-01 7.999999999999999e-01 7.000000000000000e-01 Al
 4.999999999999999e-01 8.999999999999999e-01 5.999999999999999e-01 Al
 5.999999999999999e-01 7.999999999999999e-01 5.999999999999999e-01 Al
 5.999999999999999e-01 8.999999999999999e-01 7.000000000000000e-01 Al
 7.000000000000000e-01 7.999999999999999e-01 7.000000000000000e-01 Al
 7.000000000000000e-01 8.999999999999999e-01 5.999999999999999e-01 Al
 7.999999999999999e-01 7.999999999999999e-01 5.999999999999999e-01 Al
 7.999999999999999e-01 8.999999999999999e-01 7.000000000000000e-01 Al
 8.999999999999999e-01 7.999999999999999e-01 7.000000000000000e-01 Al
 8.999999999999999e-01 8.999999999999999e-01 5.999999999999999e-01 Al
 0.000000000000000e+00 0.000000000000000e+00 7.999999999999999e-01 Al
 0.000000000000000e+00 9.999999999999999e-02 8.999999999999999e-01 Al
 9.999999999999999e-02 0.000000000000000e+00 8.999999999999999e-01 Al
 9.999999999999999e-02 9.999999999999999e-02 7.999999999999999e-01 Al
 2.000000000000000e-01 0.000000000000000e+00 7.999999999999999e-01 Al
 2.000000000000000e-01 9.999999999999999e-02 8.999999999999999e-01 Al
 2.999999999999999e-01 0.000000000000000e+00 8.999999999999999e-01 Al
 2.999999999999999e-01 9.999999999999999e-02 7.999999999999999e-01 Al
 4.000000000000000e-01 0.000000000000000e+00 7.999999999999999e-01 Al
 4.000000000000000e-01 9.999999999999999e-02 8.999999999999999e-01 Al
 4.999999999999999e-01 0.000000000000000e+00 8.999999999999999e-01 Al
 4.999999999999999e-01 9.999999999999999e-02 7.999999999999999e-01 Al
 5.999999999999999e-01 0.000000000000000e+00 7.999999999999999e-01 Al
 5.999999999999999e-01 9.999999999999999e-02 8.999999999999999e-01 Al
 7.000000000000000e-01 0.000000000000000e+00 8.999999999999999e-01 Al
 7.000000000000000e-01 9.999999999999999e-02 7.999999999999999e-01 Al
 7.999999999999999e-01 0.000000000000000e+00 7.999999999999999e-01 Al
 7.999999999999999e-01 9.999999999999999e-02 8.999999999999999e-01 Al
 8.999999999999999e-01 0.000000000000000e+00 8.999999999999999e-01 Al
 8.999999999999999e-01 9.999999999999999e-02 7.999999999999999e-01 Al
 0.000000000000000e+00 2.000000000000000e-01 7.999999999999999e-01 Al
 0.000000000000000e+00 2.999999999999999e-01 8.999999999999999e-01 Al
 9.999999999999999e-02 2.000000000000000e-01 8.999999999999999e-01 Al
 9.999999999999999e-02 2.999999999999999e-01 7.999999999999999e-01 Al
 2.000000000000000e-01 2.000000000000000e-01 7.999999999999999e-01 Al
 2.000000000000000e-01 2.999999999999999e-01 8.999999999999999e-01 Al
 2.999999999999999e-01 2.000000000000000e-01 8.999999999999999e-01 Al
 2.999999999999999e-01 2.999999999999999e-01 7.999999999999999e-01 Al
 4.000000000000000e-01 2.000000000000000e-01 7.999999999999999e-01 Al
 4.000000000000000e-01 2.999999999999999e-01 8.999999999999999e-01 Al
 4.999999999999999e-01 2.000000000000000e-01 8.999999999999999e-01 Al
 4.999999999999999e-01 2.999999999999999e-01 7.999999999999999e-01 Al
 5.999999999999999e-01 2.000000000000000e-01 7.999999999999999e-01 Al
 5.999999999999999e-01 2.999999999999999e-01 8.999999999999999e-01 Al
 7.000000000000000e-01 2.000000000000000e-01 8.999999999999999e-01 Al
 7.000000000000000e-01 2.999999999999999e-01 7.999999999999999e-01 Al
 7.999999999999999e-01 2.000000000000000e-01 7.999999999999999e-01 Al
 7.999999999999999e-01 2.999999999999999e-01 8.999999999999999e-01 Al
 8.999999999999999e-01 2.000000000000000e-01 8.999999999999999e-01 Al
 8.999999999999999e-01 2.999999999999999e-01 7.999999999999999e-01 Al
 0.000000000000000e+00 4.000000000000000e-01 7.999999999999999e-01 Al
 0.000000000000000e+00 4.999999999999999e-01 8.999999999999999e-01 Al
 9.999999999999999e-02 4.000000000000000e-01 8.999999999999999e-01 Al
 9.999999999999999e-02 4.999999999999999e-01 7.999999999999999e-01 Al
 2.000000000000000e-01 4.000000000000000e-01 7.999999999999999e-01 Al
 2.000000000000000e-01 4.999999999999999e-01 8.999999999999999e-01 Al
 2.999999999999999e-01 4.000000000000000e-01 8.999999999999999e-01 Al
 2.999999999999999e-01 4.999999999999999e-01 7.999999999999999e-01 Al
 4.000000000000000e-01 4.000000000000000e-01 7.999999999999999e-01 Al
 4.000000000000000e-01 4.999999999999999e-01 8.999999999999999e-01 Al
 4.999999999999999e-01 4.000000000000000e-01 8.999999999999999e-01 Al
 4.999999999999999e-01 4.999999999999999e-01 7.999999999999999e-01 Al
 5.999999999999999e-01 4.000000000000000e-01 7.999999999999999e-01 Al
 5.999999999999999e-01 4.999999999999999e-01 8.999999999999999e-01 Al
 7.000000000000000e-01 4.000000000000000e-01 8.999999999999999e-01 Al
 7.000000000000000e-01 4.999999999999999e-01 7.999999999999999e-01 Al
 7.999999999999999e-01 4.000000000000000e-01 7.999999999999999e-01 Al
 7.999999999999999e-01 4.999999999999999e-01 8.999999999999999e-01 Al
 8.999999999999999e-01 4.000000000000000e-01 8.999999999999999e-01 Al
 8.999999999999999e-01 4.999999999999999e-01 7.999999999999999e-01 Al
 0.000000000000000e+00 5.999999999999999e-01 7.999999999999999e-01 Al
 0.000000000000000e+00 7.000000000000000e-01 8.999999999999999e-01 Al
 9.999999999999999e-02 5.999999999999999e-01 8.999999999999999e-01 Al
 9.999999999999999e-02 7.000000000000000e-01 7.999999999999999e-01 Al
 2.000000000000000e-01 5.999999999999999e-01 7.999999999999999e-01 Al
 2.000000000000000e-01 7.000000000000000e-01 8.999999999999999e-01 Al
 2.999999999999999e-01 5.999999999999999e-01 8.999999999999999e-01 Al
 2.999999999999999e-01 7.000000000000000e-01 7.999999999999999e-01 Al
 4.000000000000000e-01 5.999999999999999e-01 7.999999999999999e-01 Al
 4.000000000000000e-01 7.000000000000000e-01 8.999999999999999e-01 Al
 4.999999999999999e-01 5.999999999999999e-01 8.999999999999999e-01 Al
 4.999999999999999e-01 7.000000000000000e-01 7.999999999999999e-01 Al
 5.999999999999999e-01 5.999999999999999e-01 7.999999999999999e-01 Al
 5.999999999999999e-01 7.000000000000000e-01 8.999999999999999e-01 Al
 7.000000000000000e-01 5.999999999999999e-01 8.999999999999999e-01 Al
 7.000000000000000e-01 7.000000000000000e-01 7.999999999999999e-01 Al
 7.999999999999999e-01 5.999999999999999e-01 7.999999999999999e-01 Al
 7.999999999999999e-01 7.000000000000000e-01 8.999999999999999e-01 Al
 8.999999999999999e-01 5.999999999999999e-01 8.999999999999999e-01 Al
 8.999999999999999e-01 7.000000000000000e-01 7.999999999999999e-01 Al
 0.000000000000000e+00 7.999999999999999e-01 7.999999999999999e-01 Al
 0.000000000000000e+00 8.999999999999999e-01 8.999999999999999e-01 Al
 9.999999999999999e-02 7.999999999999999e-01 8.999999999999999e-01 Al
 9.999999999999999e-02 8.999999999999999e-01 7.999999999999999e-01 Al
 2.000000000000000e-01 7.999999999999999e-01 7.999999999999999e-01 Al
 2.000000000000000e-01 8.999999999999999e-01 8.999999999999999e-01 Al
 2.999999999999999e-01 7.999999999999999e-01 8.999999999999999e-01 Al
 2.999999999999999e-01 8.999999999999999e-01 7.999999999999999e-01 Al
 4.000000000000000e-01 7.999999999999999e-01 7.999999999999999e-01 Al
 4.000000000000000e-01 8.999999999999999e-01 8.999999999999999e-01 Al
 4.999999999999999e-01 7.999999999999999e-01 8.999999999999999e-01 Al
 4.999999999999999e-01 8.999999999999999e-01 7.999999999999999e-01 Al
 5.999999999999999e-01 7.999999999999999e-01 7.999999999999999e-01 Al
 5.999999999999999e-01 8.999999999999999e-01 8.999999999999999e-01 Al
 7.000000000000000e-01 7.999999999999999e-01 8.999999999999999e-01 Al
 7.000000000000000e-01 8.999999999999999e-01 7.999999999999999e-01 Al
 7.999999999999999e-01 7.999999999999999e-01 7.999999999999999e-01 Al
 7.999999999999999e-01 8.999999999999999e-01 8.999999999999999e-01 Al
 8.999999999999999e-01 7.999999999999999e-01 8.999999999999999e-01 Al
 8.999999999999999e-01 8.999999999999999e-01 7.999999999999999e-01 Al
