Ba Ti O
1 1 1 1 1 1

charge		1.113297	2.023038	-1.045445
buck_a	14823.348209	647.026633	48257.508220	18104.762186	19968.717266	4137.305837	
buck_sigma	0.374894	0.496073	0.216716	0.364688	0.177076	0.331552	
buck_c	1593996.035510	45981.745282	0.000000	13488.663259	0.000000	422954.076742	

ew_rcut		10.000000
ew_kappa		0.100000
r_cut		10.000000	10.000000	10.000000	10.000000	10.000000	10.000000	

dp_alpha	0.157387	0.102731	0.006536	
###dp_alpha	0 0 0
dp_b		0.611793	2.197379	1.919035	90.049739	9.961655	8.334958	
dp_c		-10.000030	-94.435708	-52.558496	-62.678315	-99.557903	-3.755466	
